1635620984014 0.4 -2.530273975556125
1635620984094 0.4 -2.5302739755561254
1635620984167 0.4 -2.5302739755561254
1635620984240 0.4 -2.5302739755561254
1635620984313 0.4 -2.5302739755561254
1635620984388 0.4 -2.4963247987829087
1635620984466 0.4 -2.4503863222966356
1635620984539 0.4 -2.371728741226635
1635620984615 0.4 -2.281732460967155
1635620984687 0.4 -2.2024183910591053
1635620984763 0.4 -2.091534767144583
1635620984836 0.4 -2.0164547858413897
1635620984909 0.4 -1.7973340904894723
1635620984982 0.4 -1.6374449680540981
1635620985056 0.4 -1.4490210913360304
1635620985128 0.4 -1.2758757080684597
1635620985200 0.4 -1.0985538254628615
1635620985272 0.4 -0.9184387034719814
1635620985344 0.4 -0.6371590900332499
1635620985418 0.4 -0.5155138194425622
1635621700619 0.4 2.8118952639035184
1635621700708 0.4 2.8118952639035184
1635621700790 0.4 2.8118952639035184
1635621700870 0.4 2.8118952639035184
1635621700952 0.4 2.8118952639035184
1635621701034 0.4 2.8165835642092047
1635621701116 0.4 2.812737874505328
1635621701198 0.4 2.8009572705560277
1635621701279 0.4 2.7954689518537954
1635621701361 0.4 2.7829615748789567
1635621701442 0.4 2.7639123897108675
1635621701524 0.4 2.7388310845685093
1635621701605 0.4 2.7212636682054394
1635621701688 0.4 2.6981498814852385
1635621701771 0.4 2.669804960039017
1635621701853 0.4 2.649494946145931
1635621701935 0.4 2.5985651211365375
1635621702021 0.4 2.55605246929875
1635621702104 0.4 2.4728709092044885
1635621702190 0.4 2.470205473945424
1635621767569 0.4 -3.8392029036655058
1635621767658 0.4 -3.8392029036655084
1635621767744 0.4 -3.8392029036655084
1635621767828 0.4 -3.8392029036655084
1635621767914 0.4 -3.8392029036655084
1635621767997 0.4 -3.8203231966540137
1635621768083 0.4 -3.784393436783837
1635621768167 0.4 -3.7100498863396507
1635621768250 0.4 -3.6432530912857413
1635621768334 0.4 -3.5383997408812515
1635621768418 0.4 -3.4188940526340668
1635621768502 0.4 -3.2589204430680323
1635621768586 0.4 -3.1106071932689185
1635621768671 0.4 -2.950080514875901
1635621768755 0.4 -2.7783806975575165
1635621768840 0.4 -2.5968868107995906
1635621768925 0.4 -2.406787135714555
1635621769011 0.4 -2.2093274682102897
1635621769098 0.4 -2.042641361960473
1635621769181 0.4 -1.7974861309907648
1635621864025 0.4 -1.4854895358204903
1635621864109 0.4 -1.4854895358204903
1635621864185 0.4 -1.4854895358204903
1635621864261 0.4 -1.4854895358204903
1635621864336 0.4 -1.4854895358204903
1635621864411 0.4 -1.4783014463352522
1635621864487 0.4 -1.4478749841622274
1635621864561 0.4 -1.419162125104923
1635621864640 0.4 -1.3582300746453138
1635621864723 0.4 -1.307787428269783
1635621864798 0.4 -1.2333034154435425
1635621864872 0.4 -1.1615238134294672
1635621864947 0.4 -1.0836329262698765
1635621865022 0.4 -0.9912885613310572
1635621865097 0.4 -0.9041183865210256
1635621865173 0.4 -0.793816349677551
1635621865246 0.4 -0.699851235248987
1635621865319 0.4 -0.6037804636639343
1635621865390 0.4 -0.4483795071039062
1635621865462 0.4 -0.3784254816216034
1635622126150 0.4 -1.3674812862194918
1635622126247 0.4 -1.3674812862194912
1635622126330 0.4 -1.3674812862194912
1635622126409 0.4 -1.3674812862194912
1635622126485 0.4 -1.3674812862194912
1635622126561 0.4 -1.3317339518798141
1635622126636 0.4 -1.3183382808149706
1635622126711 0.4 -1.299213639983505
1635622126786 0.4 -1.2449058523020144
1635622126862 0.4 -1.1951308741019633
1635622126939 0.4 -1.1211111720944056
1635622127015 0.4 -1.0519484579832699
1635622127090 0.4 -0.9688988390827817
1635622127166 0.4 -0.8825873668308539
1635622127243 0.4 -0.7937292463781782
1635622127318 0.4 -0.702942252041885
1635622127394 0.4 -0.6055270498913717
1635622127471 0.4 -0.4998133647348241
1635622127548 0.4 -0.4103204690442411
1635622127628 0.4 -0.3199557666124133
